7 5
[[2,2],[4,3]]
9 9
[[1,4],[5,3],[7,8]]
9 12
[[1,3],[2,5],[6,8]]
20 30
[[7, 2], [3, 27], [8, 23], [1, 7], [19, 15], [16, 4], [6, 11], [4, 12], [11, 1], [15, 8]]
30 30
[[19, 21], [27, 12], [18, 24], [23, 6], [4, 26], [10, 19], [13, 3], [21, 1], [9, 17], [8, 28], [6, 18], [17, 2], [16, 20], [12, 8], [26, 5], [22, 4], [5, 27], [2, 7], [14, 16], [28, 29]]
60 50
[[3, 18], [23, 42], [21, 8], [15, 9], [18, 28], [5, 27], [34, 39], [2, 31], [9, 49], [32, 20], [56, 6], [33, 23], [49, 14], [24, 16], [47, 1], [6, 48], [59, 26], [28, 44], [50, 33], [27, 32], [46, 30], [30, 2], [51, 12], [12, 13], [52, 35], [54, 38], [14, 40], [36, 34], [42, 45], [4, 5]]